-312
57
67
90
198
379
414
423
426
487
525
526
559
566
585
601
659
667
682
845
928
982
1008
1008
1010
1216
1233
1243
1302
1316
1316
1328
1361
1412
1414
1414
1415
1415
1417
1420
1421
1421
1424
1424
1424
1424
1425
1425
1425
1426
1427
1427
1427
1427
1427
1429
1429
1431
1435
1435
1435
1436
1436
1436
1436
1436
1436
1436
1436
1436
1436
1436
1436
1441
1449
1449
1449
1449
1449
1449
1449
1449
1449
1449
1450
1450
1450
1450
1455
1456
1456
1466
1466
1466
1466
1466
1485
1487
1490
10001
121
202
437
437
437
466
466
535
566
577
583
623
623
623
711
711
711
711
773
773
773
785
831
832
851
851
851
854
855
855
868
868
873
875
957
1000
1000
1000
1000
1006
1015
1032
1032
1032
1059
1072
1075
1075
1075
1081
1082
1082
1083
1083
1083
1083
1083
1083
1083
1086
1087
1087
1095
1116
1116
1116
1116
1116
1116
1116
1120
1130
1133
1134
1136
1138
1144
1145
1148
1156
1171
1179
1184
1184
1184
1194
1194
1200
1224
1232
1295
1296
1329
1340
1340
1363
1378
1421
1425
1459
-1109
57
67
198
426
459
510
536
658
696
711
783
789
932
1000
1427
317
317
466
585
785
948
1083
1083
1083
1083
1083
1093
1093
1093
1093
1093
1093
1093
1093
1093
1093
1093
1093
1093
1093
1093
1093
1093
1093
1093
1093
1093
1093
1093
1093
1093
1093
1093
1093
1093
1093
1093
1093
1093
1093
1093
1093
1093
1093
1093
1093
1093
1093
1093
1093
1093
1093
1093
1093
1093
1093
1093
1093
1093
1093
1093
1093
1093
1093
1093
1093
1093
1093
1093
1093
1093
1093
1093
1093
1093
1093
1093
1098
1106
1136
1143
1145
1172
1179
1179
1179
1184
1184
1214
1214
1229
1232
1242
1340
1425
11
22
23
24
29
42
46
51
57
67
74
114
118
135
168
169
195
198
198
202
213
237
373
374
374
377
416
474
533
536
542
558
577
583
587
589
599
608
613
654
661
711
728
747
790
832
1391
770
770
770
770
770
831
831
1054
-1408
-312
46
67
120
135
148
166
198
198
201
213
237
278
301
373
458
474
513
533
536
537
559
560
577
632
678
678
687
711
744
747
830
986
1071
1101
1116
1116
1120
1303
1305
1307
1340
1340
1372
1427
-272
-100
-90
-85
-12
51
57
67
67
69
76
78
88
89
100
120
122
181
198
205
213
220
237
237
257
297
352
374
374
378
437
440
440
510
536
536
583
588
644
676
750
775
783
790
790
804
830
845
845
851
873
873
939
1006
1136
456
711
729
773
798
802
803
873
939
1194
1328
-1408
-1238
-1236
-1212
-1203
-1099
-540
-411
466
466
466
466
466
711
711
711
711
711
711
711
711
711
711
711
711
726
948
948
948
948
948
948
948
953
953
953
953
1072
1083
1083
1083
1083
1083
1083
1083
1083
1083
1083
1083
1083
1083
1083
1084
1084
1086
1087
1087
1087
1093
1093
1095
1095
1101
1102
1102
1102
1103
1106
1116
1116
1116
1120
1120
1133
1135
1136
1137
1142
1143
1143
1144
1154
1160
1163
1163
1171
1194
1214
1232
1283
1340
1388
1388
1388
1420
1425
1449
1467
1469
1485
34
66
67
69
198
237
241
374
377
513
656
676
696
711
720
747
830
1466
-2190
-2153
-2120
-1950
-1945
-1944
-1878
-1833
-1809
-1785
-1783
-1597
-1595
-1515
-1456
-1408
-1398
-1369
-1339
-1338
-1329
-1290
-1267
-1256
-1109
-312
52
292
728
729
730
730
730
733
1130
1130
1130
1130
1141
1141
1144
1163
1163
1163
1163
1163
1171
1184
1194
1194
1194
1194
1194
1214
1224
1225
1229
1229
1229
1232
1232
1234
1271
1278
1303
1316
1316
1316
1320
1328
1337
1340
1340
1363
1366
1369
1369
1378
1410
1410
1414
1420
1424
1424
1429
1441
1445
1449
1449
1449
1449
1449
1449
1455
1459
1466
1469
1470
10001
10002
-1408
-545
-379
-272
-174
26
57
57
67
102
120
135
168
237
237
237
237
237
331
406
437
437
437
510
513
533
533
536
591
591
603
623
659
660
675
675
675
711
711
711
711
711
711
711
711
711
768
773
798
831
832
832
854
855
874
939
939
952
1000
1000
1015
1059
1059
1070
1144
1303
1327
1336
1340
1340
1367
1416
1430
1449
1474
11
57
57
57
57
67
67
145
164
198
374
544
587
593
608
750
1000
1093
1095
1
19
21
29
32
53
77
78
79
80
87
99
109
109
109
109
109
109
109
109
109
109
250
250
1449
-312
123
466
466
691
711
711
711
711
737
785
845
874
1000
1000
1000
1000
1000
1000
1000
1032
1032
1032
1032
1032
1032
1032
1032
1032
1032
1032
1032
1032
1032
1032
1032
1032
1032
1032
1032
1034
1045
1050
1050
1054
1054
1068
1083
1083
1083
1083
1083
1083
1083
1083
1083
1083
1083
1083
1083
1083
1083
1083
1083
1083
1083
1083
1083
1083
1084
1087
1090
1093
1093
1101
1103
1116
1120
1135
1137
1145
1151
1154
1194
1260
1260
1260
1260
1260
1263
1370
1370
1370
1370
1370
1370
1370
1370
1376
10001
-2190
-1878
-1820
-1809
-1720
-1668
-1624
-1620
-1585
-1563
-1558
-1515
-1497
-1471
-1463
-1456
-1439
-1411
-1392
-1384
-1371
-1369
-1368
-1345
-1323
-1319
-1311
-1306
-1304
-1295
-1294
-1288
-107
98
535
724
730
730
785
845
1141
1141
1144
1153
1154
1155
1156
1159
1160
1163
1164
1171
1172
1173
1174
1179
1180
1184
1194
1200
1209
1210
1210
1214
1224
1229
1232
1234
1257
1260
1303
1316
1316
1318
1318
1323
1334
1334
1340
1342
1350
1358
1369
1370
1372
1378
1380
1384
1425
1427
1433
1435
1436
1448
1449
1450
1459
1469
1471
1474
-312
-272
42
42
44
52
57
57
88
91
112
114
118
148
237
237
237
237
343
374
437
438
438
474
510
510
533
533
538
570
576
583
591
660
678
678
678
704
704
711
711
711
711
711
711
729
747
750
757
779
782
831
832
851
854
873
873
873
932
932
939
939
975
981
996
1000
1015
1015
1027
1034
1052
1059
1059
1071
1075
1084
1086
1086
1087
1116
1130
1143
1144
1144
1148
1194
1194
1232
1340
1342
1370
1449
1487
1490
-1809
-1515
-1423
-1339
-1338
-1218
-312
515
845
948
948
948
948
948
948
948
948
1083
1093
1093
1095
1101
1101
1101
1101
1101
1116
1116
1116
1116
1116
1135
1137
1137
1137
1143
1144
1144
1144
1163
1163
1163
1163
1163
1163
1164
1184
1184
1184
1194
1194
1194
1194
1214
1214
1214
1229
1229
1229
1293
1336
1340
1340
1340
1340
1340
1340
1340
1358
1369
1369
1370
1370
1370
1370
1370
1370
1370
1370
1370
1370
1370
1377
1377
1378
1388
1420
1445
1449
1449
1470
1471
1471
1471
1471
1485
1490
1490
1490
1490
405
533
662
711
711
711
720
782
783
831
832
850
850
875
939
948
1000
1083
1084
1095
1116
1144
1144
1340
1340
1358
90
90
90
90
90
90
109
180
229
889
-1369
-1256
-1089
86
237
237
374
569
623
775
783
830
851
851
932
957
1052
1106
-1423
-540
29
42
65
67
68
80
98
168
200
201
237
261
377
533
536
675
711
768
783
1000
1006
1101
1116
1116
1116
-2190
-1878
-1809
-1515
-1218
-545
-379
-312
-257
19
237
466
583
597
623
711
711
711
711
711
719
728
728
729
735
750
750
757
770
773
779
781
783
783
783
830
831
845
850
850
875
939
947
947
947
948
952
957
996
1000
1000
1037
1045
1059
1083
1086
1087
1087
1093
1095
1095
1116
1116
1143
1144
1148
1163
1163
1194
1194
1194
1214
1214
1214
1214
1271
1340
1340
1358
1410
1459
-312
1466
62
90
91
142
168
536
536
711
711
711
711
711
711
711
711
711
728
728
729
730
773
782
782
783
783
785
832
839
873
875
932
939
948
952
975
1045
1059
1087
1095
1095
1135
1144
1163
1171
1214
1224
1358
1358
1449
1194
1227
1329
1329
1333
1466
1
2
5
9
11
12
17
20
37
66
77
78
80
82
120
140
142
143
146
153
168
173
178
178
180
181
185
198
198
200
202
205
213
231
237
263
271
329
377
406
413
422
427
427
438
508
544
560
591
627
678
727
1194
-2190
-1878
-1809
-1515
704
783
796
796
796
873
884
952
1054
19
19
19
57
403
403
437
440
440
466
711
711
730
730
845
883
883
932
932
939
952
957
957
957
963
1000
1045
1054
1083
1083
1083
1083
1194
1214
1363
1378
-1930
-1832
-1758
-1708
-1689
-1641
-1597
-1527
-1505
-1408
-1300
-360
707
728
730
845
845
1141
1187
1188
1193
1221
1224
1224
1224
1224
1224
1224
1224
1224
1224
1224
1224
1224
1224
1224
1224
1224
1224
1224
1224
1224
1227
1229
1234
1234
1234
1260
1260
1278
1291
1293
1303
1303
1303
1310
1316
1316
1316
1334
1334
1334
1340
1340
1340
1340
1340
1340
1340
1340
1340
1340
1340
1358
1358
1358
1358
1366
1366
1370
1378
1384
1406
1410
1424
1424
1427
1427
1449
1449
1449
1449
1449
1449
1459
1471
1485
1487
1490
1490
90
134
169
845
845
953
975
1075
1083
1083
1083
1083
1084
1084
1090
1093
1106
1144
1194
1232
-2190
-1961
-1878
-1827
-1809
-1679
-1604
-1515
-1408
-1339
-1338
-1218
-1092
-554
-549
-545
-540
-510
-379
-355
-312
-272
19
42
57
68
100
237
237
378
429
437
437
437
437
508
533
623
651
658
676
678
711
711
711
711
719
730
734
769
770
779
779
782
783
798
801
831
832
838
873
873
873
874
932
932
953
975
975
983
996
1000
1000
1000
1000
1018
1037
1059
1070
1071
1075
1116
1116
1298
1299
1300
1316
1327
1336
1337
1340
1340
1367
1378
1387
1388
1388
1388
1420
1430
-2190
-1878
-1809
-1604
-1515
-1218
-1099
-589
-545
-379
-289
-272
-257
29
38
149
149
250
314
775
775
783
798
850
864
864
873
932
948
1000
1059
1194
1229
-418
-316
19
22
26
31
109
182
237
237
237
237
299
321
401
414
467
474
491
501
513
533
533
538
585
585
691
711
711
711
711
711
711
711
711
711
711
711
711
735
755
770
783
783
798
831
845
850
864
947
947
948
948
953
975
975
981
984
1000
1000
1027
1045
1045
1059
1059
1083
1083
1084
1086
1087
1260
1358
1358
1370
1412
1414
1449
1459
1490
-1369
-1256
-1089
11
56
57
57
57
57
57
67
182
185
237
237
237
244
330
374
422
438
440
456
460
473
513
544
544
566
566
582
623
623
623
623
642
652
652
657
675
678
678
678
678
678
678
678
683
687
687
700
707
736
770
775
781
783
783
790
851
855
873
1040
1052
1083
1106
-144
42
237
502
585
711
1059
1116
1171
1366
1474
-2025
-1832
-1408
-1164
-548
-540
292
466
466
466
466
466
466
711
711
711
711
711
845
850
850
981
1045
1045
1045
1045
1045
1054
1054
1054
1054
1054
1054
1054
1059
1059
1059
1059
1059
1059
1059
1059
1059
1059
1059
1059
1059
1059
1059
1059
1059
1059
1083
1083
1083
1083
1083
1083
1083
1083
1083
1083
1083
1083
1083
1083
1083
1083
1083
1083
1083
1083
1084
1087
1087
1087
1087
1087
1087
1087
1087
1087
1087
1090
1090
1090
1134
1141
1145
1160
1194
1214
1278
1340
1340
1378
1378
1378
1378
1449
1293
1340
1340
1340
1340
1340
1340
1340
1340
1340
1340
1340
1340
1340
1340
1340
1340
1340
1340
1340
1340
1340
1340
1340
1340
1358
1358
1358
1358
1358
1358
1358
1358
1358
1358
1358
1358
1358
1358
1358
1358
1358
1358
1358
1358
1358
1358
1358
1358
1358
1358
1358
1358
1358
1358
1358
1358
1358
1358
1358
1358
1358
1358
1358
1358
1358
1358
1358
1358
1358
1358
1358
1358
1370
1370
1370
1370
1370
1370
1370
1370
1370
1370
1370
1370
1370
1370
1370
1370
1370
1370
1370
1370
1370
1370
1370
1370
1459
1491
1491
120
197
361
403
437
437
437
437
437
623
689
697
711
711
711
711
711
711
728
773
832
832
845
851
855
873
874
874
875
883
932
932
932
932
932
932
932
932
939
939
939
939
939
939
939
939
939
939
939
939
939
939
939
939
939
939
939
939
952
952
989
1000
1000
1000
1015
1015
1015
1032
1032
1045
1045
1045
1054
1054
1059
1059
1059
1059
1059
1059
1072
1075
1083
1083
1083
1083
1083
1084
1086
1087
1087
1089
1090
1136
1136
1148
1209
1256
1256
1323
-1827
-1585
-1408
-1339
-1338
-1109
-540
-129
122
123
466
711
711
711
756
845
845
845
948
953
953
1054
1059
1059
1059
1059
1059
1059
1070
1071
1071
1071
1072
1075
1075
1083
1084
1084
1087
1087
1087
1087
1093
1093
1095
1095
1095
1116
1116
1116
1130
1130
1130
1130
1141
1148
1148
1148
1148
1163
1163
1163
1164
1194
1194
1194
1194
1194
1229
1229
1229
1232
1232
1232
1232
1232
1234
1316
1337
1340
1340
1340
1340
1340
1340
1340
1340
1340
1340
1340
1340
1340
1350
1351
1455
1456
1471
1471
1471
10001
-149
168
237
237
373
533
536
668
677
678
711
735
1194
1340
1466
-2190
-1878
-1809
-1515
-1395
-1218
-418
54
237
237
237
308
329
406
420
437
437
437
437
440
442
459
509
533
589
591
652
675
678
678
678
678
700
711
711
711
715
729
759
769
775
785
830
830
830
831
832
873
873
873
873
939
939
939
1000
1000
1015
1059
1116
1130
1137
1141
1144
1194
1449
67
80
81
120
168
168
199
234
234
234
234
234
234
234
237
257
290
437
533
533
533
533
536
536
584
676
678
750
773
873
873
939
939
975
975
1000
1059
1059
1072
-1585
-1408
-540
-297
-174
-161
-153
-7
-5
57
67
67
67
74
95
104
185
198
202
202
237
257
277
314
377
378
414
424
437
440
473
474
521
535
538
557
559
566
600
603
685
704
719
730
734
735
782
845
958
1000
1006
1015
1059
1066
1083
1095
1139
-1408
-540
-418
-297
-273
-272
-174
19
43
168
169
169
250
392
678
711
711
711
729
729
783
850
939
947
948
948
975
1011
1059
-272
-55
70
232
237
325
510
654
711
775
830
1116
-1832
-1408
-1161
-540
-301
-79
22
54
57
120
198
217
237
237
237
277
338
374
377
406
437
437
440
486
487
513
541
544
547
557
558
577
583
586
591
591
591
597
608
660
660
675
676
677
678
696
704
704
711
711
711
719
734
744
747
750
770
782
782
782
783
783
830
831
831
851
873
874
932
939
939
939
952
953
953
987
1000
1000
1006
1015
1023
1054
1059
1059
1075
1083
1083
1084
1087
1106
1110
1116
1121
1133
1137
1141
1144
1148
1194
1194
-312
46
237
237
248
510
513
533
677
711
711
770
783
850
873
1086
1087
1148
1148
-33
37
63
67
70
120
148
201
205
237
327
406
433
437
440
510
583
591
652
660
660
667
667
700
704
711
727
728
734
735
768
770
798
1194
-1515
-1236
-1218
-1100
-1099
-1079
-1041
-571
-540
-398
-397
-379
-377
-375
-369
-365
-358
-355
-335
-289
-280
-273
-269
-264
-262
-261
-258
-257
-252
-238
-226
-225
-197
-192
-177
-174
19
19
456
531
650
704
711
711
711
711
711
711
711
773
773
785
845
845
864
932
939
939
939
939
939
947
947
947
948
952
952
953
957
966
967
975
975
975
996
1000
1000
1011
1027
1032
1032
1032
1032
1035
1040
1040
1040
1045
1059
1083
1090
1116
1141
1141
1148
1171
1194
1214
1336
1420
-10137
-10116
-2190
-2182
-2140
-2107
-2038
-2031
-2025
-1961
-1885
-1878
-1834
-1831
-1820
-1720
-1685
-1678
-1630
-1620
-1585
-1515
-1456
-1408
-572
-358
499
730
1018
1141
1144
1144
1144
1151
1151
1151
1151
1214
1214
1214
1214
1225
1229
1229
1232
1232
1232
1234
1257
1260
1283
1303
1303
1316
1316
1316
1321
1323
1334
1340
1340
1340
1340
1340
1340
1340
1340
1358
1358
1358
1369
1369
1370
1370
1372
1378
1380
1384
1388
1406
1410
1410
1410
1417
1421
1427
1436
1436
1449
1449
1459
1469
1469
1469
1487
1487
1487
1490
1490
1491
-272
44
67
120
164
195
199
237
237
237
237
237
237
406
437
440
513
513
513
513
533
536
585
591
832
1000
1059
1412
-92
-74
120
197
237
237
437
510
533
536
659
676
734
852
852
987
-2190
-1878
-1809
-1515
-1339
-1338
-1218
-1109
-545
-418
401
466
466
561
711
711
720
720
729
779
845
882
953
953
1006
1006
1066
1070
1070
1071
1071
1071
1072
1072
1072
1074
1075
1075
1075
1075
1082
1082
1083
1083
1083
1083
1083
1083
1086
1086
1087
1087
1087
1087
1093
1093
1093
1095
1095
1095
1095
1095
1095
1116
1116
1116
1116
1116
1120
1120
1120
1144
1144
1144
1144
1144
1154
1154
1163
1182
1271
1278
1292
1293
1316
1324
1340
1340
1340
1340
1340
1414
1414
1463
1466
1487
1487
1487
1487
1490
19
77
151
168
171
200
205
237
237
237
374
409
440
498
509
510
533
536
588
711
711
711
750
757
783
831
873
939
975
1000
1059
1075
1116
1194
-540
-418
22
34
51
62
90
107
107
108
117
120
144
146
168
169
180
184
187
198
237
237
237
237
237
237
327
343
362
406
406
415
422
432
433
433
450
459
473
473
474
501
508
508
513
513
533
533
533
534
535
535
535
535
535
535
536
539
542
544
548
548
556
564
565
566
571
583
590
591
597
637
660
662
678
682
690
711
711
711
721
734
758
783
832
850
933
933
985
987
1000
1045
1059
1144
1335
1449
1485
-1408
-1109
-540
-379
-371
-297
-272
-174
8
19
56
57
57
120
168
168
178
184
198
218
237
237
237
237
237
237
237
437
440
484
533
536
556
584
685
704
711
711
750
750
779
830
868
952
975
985
1000
1059
1075
1193
1234
1340
1391
1449
-2190
-1878
-1809
-1604
-1515
-1398
-1369
-1311
-1256
-1247
-1218
-1089
-554
-545
-540
-500
-471
-433
-393
-379
-377
-365
-358
-272
367
466
586
593
603
711
711
711
711
728
728
729
730
730
730
845
850
850
948
948
948
948
1031
1032
1036
1037
1041
1043
1045
1059
1059
1075
1083
1083
1083
1084
1086
1087
1089
1093
1093
1101
1101
1116
1116
1116
1116
1120
1122
1141
1143
1148
1163
1163
1171
1191
1194
1214
1214
1224
1313
1334
1340
1378
1388
1388
1388
1412
1414
1420
1424
1455
1469
1487
10001
10001
249
413
659
711
734
744
783
790
832
832
939
952
1000
1340
-1408
-540
-144
11
11
19
19
57
66
109
120
120
195
198
218
237
237
237
237
237
237
250
338
404
406
487
510
513
513
513
514
521
522
535
541
583
585
586
588
591
591
591
591
596
603
605
619
642
650
659
661
661
711
720
720
730
735
735
745
750
768
790
790
796
830
832
832
845
854
873
873
952
975
975
1054
1059
1059
1070
1070
1075
1075
1083
1084
1086
1087
1106
1116
1116
1116
1163
1194
1194
1194
1194
1340
1412
1412
1459
1474
1490
-272
201
237
237
332
353
377
584
584
798
803
804
1000
58
90
201
233
237
237
342
533
873
947
1144
1358
1412
1449
22
433
466
466
546
623
711
711
711
711
711
711
711
711
711
711
711
711
724
845
850
850
947
947
947
947
947
947
948
953
1000
1000
1000
1000
1000
1000
1000
1000
1011
1011
1045
1045
1045
1054
1054
1059
1059
1059
1059
1059
1059
1083
1083
1083
1083
1083
1083
1083
1086
1087
1087
1095
1095
1095
1095
1095
1095
1095
1095
1095
1095
1095
1095
1095
1095
1095
1095
1095
1106
1106
1106
1116
1120
1137
1137
1141
1143
1144
1144
1145
1145
1151
1154
1154
1163
1163
1163
1194
1203
1459
-1585
-272
-109
30
36
139
142
154
237
239
250
295
510
526
583
585
605
623
654
661
675
678
711
730
730
750
798
830
830
831
832
832
832
845
845
845
845
873
932
952
1000
1000
1011
1059
1083
1084
1086
1086
1087
1093
1095
1134
1141
1141
1171
1194
1194
1194
1278
1313
1336
1340
1340
1340
1340
1342
1351
1358
1378
1409
1436
1448
1449
1459
1460
1490
12
82
82
88
168
178
201
281
281
591
667
711
734
982
1201
1202
1291
1292
-272
-144
24
168
168
198
201
237
237
237
338
377
413
437
437
437
510
533
536
544
590
623
704
711
711
711
711
711
715
757
773
782
783
783
798
798
803
845
855
873
873
873
873
873
932
939
939
984
1000
1006
1045
1059
1071
1083
1083
1084
1084
1086
1095
1144
1370
1449
1466
-609
-312
169
487
533
536
678
-1099
-549
-548
98
184
515
515
535
535
571
587
662
711
711
711
729
729
730
785
845
845
874
948
948
984
1027
1054
1054
1059
1059
1075
1083
1087
1093
1095
1101
1116
1116
1130
1135
1136
1137
1138
1141
1141
1141
1143
1143
1144
1144
1144
1145
1148
1149
1151
1155
1156
1159
1160
1163
1164
1171
1173
1174
1179
1179
1180
1184
1194
1194
1194
1194
1200
1200
1209
1214
1214
1214
1214
1224
1229
1232
1234
1278
1278
1278
1302
1310
1342
1350
1351
1358
1370
1398
1410
1441
1449
1449
1455
1459
-1408
-540
-418
-312
-272
26
34
37
82
99
134
143
167
168
179
237
237
301
486
513
533
585
660
711
783
831
832
981
1144
1277
1290
10001
-540
-312
-272
-210
-174
51
54
65
140
168
349
513
654
678
678
711
750
753
783
783
798
831
832
832
845
873
939
939
975
1030
1059
1059
1059
1059
1059
1059
1271
1412
1474
-312
-272
90
162
237
421
459
465
509
585
585
585
588
591
596
692
692
711
711
720
744
770
783
783
832
832
850
873
932
939
947
947
947
948
1000
1000
1059
1087
1087
1163
1459
-272
-174
119
120
120
183
198
237
321
321
377
422
510
513
520
533
589
613
650
675
676
711
782
1072
1089
1093
-2190
-1878
-1809
-1515
-1423
-1408
-1218
-545
-540
-379
-297
-272
-263
19
98
437
548
704
704
711
728
729
729
730
773
785
874
957
957
958
961
963
963
964
965
975
975
975
980
982
988
994
1000
1000
1000
1011
1015
1016
1040
1045
1050
1050
1059
1071
1075
1087
1087
1116
1141
1143
1143
1143
1143
1144
1163
1171
1194
1194
1214
1229
1234
1260
1316
1316
1336
1340
1340
1340
1340
1340
1358
1366
1366
1370
1372
1378
1378
1384
1387
1412
1424
1436
1449
1449
1449
1459
1463
1485
1490
10001
-1171
-1030
-272
237
237
237
249
437
479
509
513
513
536
660
675
704
734
750
831
832
832
873
932
948
1000
1059
1106
1320
1340
1340
237
249
536
585
678
711
711
711
711
711
798
830
831
832
832
850
850
850
873
932
947
947
975
975
984
1000
1000
1045
1144
1340
-1408
47
237
62
170
237
237
510
533
850
-418
57
697
785
1000
1000
1035
1059
1066
1066
1070
1071
1083
1087
1093
1093
1116
1163
1163
1171
1194
1295
1397
1397
1427
39
67
292
584
1083
1083
1097
-553
-439
-340
-272
-265
-248
-231
-198
-173
-163
-61
22
25
33
38
44
47
47
67
68
85
85
85
85
85
100
119
120
120
122
124
137
142
162
169
172
244
277
298
298
339
428
437
508
510
513
525
533
553
573
588
602
604
667
676
697
711
711
734
783
830
1075
1075
1116
1116
1130
1130
1163
1194
1229
1234
1449
-198
-174
-92
-82
78
117
166
168
201
224
237
273
317
428
533
533
536
711
711
719
783
798
947
1000
-127
120
228
321
513
566
673
696
711
711
747
832
851
854
854
873
1000
1059
1059
1075
1249
1296
21
46
46
82
86
93
113
149
239
257
510
510
533
740
-1408
-540
-297
-174
100
198
317
508
720
755
845
932
932
932
939
984
1059
1143
1190
1334
-540
-297
-174
57
149
199
200
213
257
333
406
437
437
437
437
437
437
437
440
440
440
440
440
440
440
440
587
674
704
711
711
711
719
728
730
759
773
773
782
783
783
831
832
832
832
832
832
845
852
855
855
864
873
873
884
932
932
932
932
932
932
932
939
939
939
939
949
975
975
984
986
1000
1000
1000
1000
1001
1005
1011
1015
1017
1027
1040
1045
1059
1059
1059
1059
1059
1059
1059
1059
1070
1071
1075
1075
1083
1194
1194
1303
1340
-1408
-273
2
11
119
168
237
623
678
678
711
711
711
729
781
783
831
845
845
845
850
850
850
873
873
932
947
947
1000
1059
1087
-1624
-272
-63
91
509
542
585
588
608
623
623
654
711
734
734
735
783
783
830
832
842
850
873
947
1191
1278
10001
10001
10002
10002
-272
36
67
120
200
201
336
406
406
437
524
533
605
718
768
773
790
832
873
873
932
939
14
29
29
30
35
44
85
90
142
149
168
198
277
292
301
348
349
357
357
366
422
433
474
474
474
483
492
501
510
511
514
533
536
557
560
573
573
591
599
608
612
613
678
711
711
719
720
734
766
798
873
873
-1832
-540
-174
25
57
199
202
232
237
237
237
314
362
374
377
412
426
440
440
459
511
535
559
588
606
668
1234
1412
-2190
-1878
-1809
-1515
-1423
-1408
-1218
-545
-540
-379
-312
-121
11
25
32
39
57
57
98
106
120
120
138
168
179
181
237
237
237
237
237
237
332
403
426
427
508
510
513
513
533
533
536
591
591
675
675
678
711
719
783
790
1000
1005
1054
1059
1071
1194
1340
1340
-548
-540
-402
-312
-297
-174
30
42
51
57
57
67
67
67
120
120
123
168
198
201
220
237
237
237
237
237
244
257
349
406
407
422
422
437
438
440
466
513
533
583
590
591
603
656
678
697
711
711
729
730
758
768
783
785
790
830
845
873
874
939
953
975
985
1000
1002
1006
1045
1070
1075
1084
1130
1191
1449
1095
1095
1095
1095
-1423
-312
-272
-258
-174
-121
36
175
237
237
237
422
428
437
501
509
587
660
660
660
692
697
715
719
729
750
756
759
770
773
782
783
830
831
832
832
845
845
850
868
873
939
947
985
1000
1011
1059
1083
1116
1116
1144
1163
1163
1163
1194
1194
1260
89
120
218
237
237
406
437
437
509
509
536
660
675
678
678
678
711
830
832
832
932
939
939
1143
1340
11
11
67
100
120
120
168
168
201
237
237
237
436
531
533
533
533
533
533
559
588
-379
-312
-272
-257
69
120
120
289
437
438
533
533
536
591
659
678
687
711
711
711
715
734
736
756
804
832
854
868
873
873
873
873
932
1000
1000
1000
1015
1015
1037
1103
136
608
-312
-273
-272
19
25
35
94
94
94
105
120
175
198
201
237
237
249
261
304
400
421
513
533
533
536
536
585
596
623
653
678
711
711
736
783
785
850
850
928
932
939
948
952
1040
1054
1059
1059
1116
1449
70
70
70
70
70
70
70
70
70
70
70
70
70
70
70
70
70
70
70
70
70
70
70
70
70
70
70
70
70
70
70
70
70
70
-1238
-272
7
24
25
46
51
66
67
77
91
109
109
111
118
145
148
150
151
168
168
168
179
186
196
237
237
237
237
237
237
237
237
248
248
295
317
340
377
406
406
422
473
485
508
510
533
533
533
533
536
536
536
545
550
580
584
676
677
692
692
704
711
711
711
728
750
762
770
782
783
783
799
803
830
831
832
832
932
932
1054
1059
1116
1148
1490
-1408
-297
-174
1
2
5
57
75
75
76
82
104
110
118
120
201
237
329
437
510
547
585
590
659
687
704
747
768
775
779
781
782
832
873
1059
-1408
-297
-272
-174
8
44
57
57
69
120
181
213
237
237
237
237
249
513
533
536
678
730
734
975
986
1071
1271
19
782
783
783
845
873
873
947
1045
1059
1141
-1408
-272
25
188
237
237
237
237
237
237
508
533
585
585
585
588
627
632
667
668
678
678
678
678
779
783
783
832
850
947
948
957
1000
149
155
184
200
242
533
711
1194
19
54
57
57
57
57
164
180
199
199
237
237
237
237
244
257
287
349
361
361
377
377
377
416
418
422
428
437
437
437
437
437
440
440
544
545
546
546
564
581
639
652
656
675
675
678
678
678
687
697
700
704
711
711
711
711
711
750
752
766
779
781
781
782
783
783
783
783
783
783
798
803
803
830
830
830
831
832
851
854
854
864
873
873
873
873
932
939
939
939
1000
1000
1000
1000
1000
1015
1015
1072
1271
1491
-1787
-1604
-1434
-1423
-1389
-1339
-1338
-1293
-1017
-272
50
50
67
67
85
90
100
164
213
237
406
437
533
536
565
711
711
711
728
729
768
830
1000
1015
1015
1059
1059
1059
1070
1072
1075
1095
1095
1101
1116
1130
1135
1194
1194
1194
1232
1363
-2120
-1109
67
120
181
406
437
438
711
711
711
711
711
730
730
768
770
782
782
782
783
790
790
798
803
832
832
832
832
851
873
874
932
957
975
1000
1006
1018
1087
1182
1234
1317
1333
1340
1387
1388
1397
1420
1424
1449
1474
63
63
63
383
409
438
438
513
513
545
560
608
624
658
661
-272
-197
-155
-121
46
82
237
292
336
347
513
587
591
605
644
651
678
678
679
680
700
707
711
735
770
789
790
832
834
850
873
947
948
952
961
1000
1000
1000
1000
1083
1340
1459
-60
42
52
61
76
86
89
92
175
406
419
510
533
718
735
873
873
939
1087
1141
1414
-1408
-540
19
69
166
223
237
281
585
711
711
711
711
711
711
711
775
783
798
830
845
845
850
873
873
947
947
947
947
948
984
1000
1000
1011
1059
1059
1059
1059
1093
1116
1143
1194
1214
1278
1336
1340
1414
1459
1490
-312
-58
31
52
52
90
199
237
248
257
377
406
406
416
466
510
536
583
675
675
677
711
747
768
832
939
1130
1194
1412
1414
1414
-1408
34
57
129
174
205
239
423
492
510
544
559
-1408
-540
-174
437
1120
1130
1191
1232
1409
1490
-1408
-1218
-1039
-545
-540
-379
-312
-297
-244
22
120
120
336
399
438
440
511
660
661
711
711
845
983
986
1059
1059
1059
1070
1071
1072
1083
1086
1086
1087
1087
1095
1116
1116
1120
1122
1130
1130
1135
1141
1141
1141
1144
1163
1163
1163
1171
1171
1181
1187
1193
1194
1194
1194
1194
1194
1194
1194
1194
1194
1194
1203
1203
1214
1214
1224
1224
1232
1234
1260
1260
1260
1271
1314
1316
1316
1340
1340
1340
1340
1340
1363
1363
1363
1370
1370
1420
1424
1449
1449
1449
1466
1469
10001
10001
10002
165
510
588
711
-1827
-1604
-571
-358
11
50
69
88
91
99
120
145
237
237
237
295
510
573
591
650
711
711
768
770
832
832
873
932
932
939
996
1059
1087
1095
1116
1194
1234
1337
1387
1414
1431
1449
-1423
-273
-149
78
79
120
237
336
406
413
416
437
510
536
584
619
644
644
659
675
678
687
711
720
735
757
768
770
773
775
779
782
831
832
854
868
873
873
932
932
932
957
1015
1059
1070
1083
1083
1083
1087
1271
1336
1388
1388
1388
1420
1420
1463
60
237
486
711
711
711
718
719
736
747
750
762
783
830
850
873
873
937
948
952
1000
1059
1059
1086
1116
1144
1144
1144
1459
-272
19
49
168
327
427
538
585
585
661
711
711
711
711
719
783
983
984
1059
1095
1116
1144
1163
1278
1414
-1961
-1408
2
21
28
46
52
69
70
79
82
100
101
113
114
118
120
120
142
146
148
159
166
198
234
237
237
249
257
258
292
299
338
351
359
374
379
413
460
467
533
588
588
678
719
734
783
1000
1059
1075
1369
1370
34
69
175
474
677
832
1278
-1408
-540
-418
-297
-272
-174
9
173
237
273
295
407
432
459
533
729
744
845
1000
1135
1144
1163
1184
1229
-1408
9
67
92
198
237
544
678
678
719
1006
1184
-1275
-1257
-1253
-1249
-1241
-1238
-1236
-1218
-1204
-1162
-1040
-546
-502
-312
98
711
711
1141
1141
1143
1143
1144
1144
1148
1151
-312
-272
10
32
46
54
67
88
110
123
168
237
237
237
249
269
277
283
347
377
437
438
536
587
607
711
766
770
782
783
783
798
854
868
873
873
874
939
939
1054
1074
1182
1224
1224
1232
1271
1340
1449
10001
-1408
22
118
173
201
237
250
284
437
474
474
561
711
720
720
728
728
730
735
735
783
830
873
1045
1229
1234
1340
-1408
-144
37
52
53
57
67
67
67
116
120
151
164
174
181
197
198
198
223
237
237
237
327
333
341
345
426
431
437
437
451
486
524
533
536
588
596
596
596
597
652
676
676
678
678
711
711
711
711
735
744
744
747
747
750
768
768
775
798
830
831
832
832
832
832
873
873
932
932
952
985
1000
1000
1000
1015
1045
1059
1059
1059
1059
1059
1071
1087
1087
1087
1101
1116
1116
1144
1144
1163
1234
1316
1340
1340
1442
1483
-1408
-540
-500
-312
-272
67
67
86
120
180
237
237
336
406
409
409
440
450
560
561
566
583
660
678
711
711
711
750
768
783
845
873
873
953
1095
1116
1116
1141
1141
1143
1194
1234
1260
1271
1340
1340
1351
1366
1370
1388
1388
1388
1406
1420
1449
1469
1470
1471
11
12
20
25
46
57
66
67
69
74
78
81
88
111
112
118
120
122
145
171
172
177
180
195
199
199
200
201
206
237
237
269
277
297
353
356
361
406
409
413
423
437
437
440
440
466
471
513
533
533
542
590
591
598
600
655
678
711
728
736
750
750
775
782
783
854
939
967
1000
1095
-1827
-312
-272
19
120
200
466
510
533
711
720
734
779
790
831
832
932
939
975
996
1000
1015
1015
1070
1070
1086
1087
1163
1171
1194
1337
-1408
-540
-297
-174
145
150
173
237
291
319
406
474
585
660
711
711
832
939
1000
1116
1144
1358
1459
-1408
4
82
82
86
200
406
422
510
513
536
932
18
72
168
237
675
692
711
711
1000
1116
46
69
88
120
120
182
222
244
391
406
409
422
437
510
536
615
687
729
744
768
832
851
873
947
952
1032
1116
1116
10001
-10119
-10116
-2190
-1980
-1967
-1878
-1827
-1809
-1697
-1604
-1515
-1408
-1395
-1345
-1339
-1338
-1306
-1256
-1218
-1212
-1155
-1100
-1092
-1056
-540
466
466
466
466
708
711
711
711
711
711
711
1001
1074
1075
1083
1093
1093
1112
1116
1116
1116
1116
1116
1116
1116
1116
1130
1130
1135
1141
1141
1141
1141
1143
1143
1144
1144
1144
1144
1144
1160
1160
1163
1163
1163
1163
1163
1171
1171
1194
1194
1194
1194
1194
1260
1271
1330
1337
1340
1340
1340
1340
1340
1412
1422
1424
1445
1448
1449
1449
1466
1466
1490
1490
10001
596
605
711
711
1011
1116
1116
1278
1340
1474
-1408
-540
-312
-297
-174
-149
164
603
661
678
711
711
832
832
850
932
984
1171
1214
1414
1414
-1408
-312
-272
-174
8
44
51
89
165
182
184
329
533
585
675
711
782
939
948
1214
1271
1358
1397
1412
1459
-1832
77
79
116
120
120
176
237
237
237
413
428
437
533
678
711
798
831
873
932
932
987
1000
1015
1059
1070
1075
1116
1144
1194
1340
-174
3
8
12
51
51
57
65
67
112
112
135
136
171
180
181
182
184
197
197
198
198
234
237
237
237
249
257
337
341
375
426
427
510
510
533
545
581
675
932
939
1059
1387
1388
1388
1388
1420
-1408
-1339
-1338
-1294
-312
623
711
711
711
711
1136
1136
1139
1141
1141
1143
1143
1144
1144
1144
1144
1144
1144
1144
1144
1145
1145
1145
1145
1145
1145
1145
1145
1145
1145
1229
1273
1303
1366
1369
1370
-552
-312
52
67
67
67
81
237
237
406
422
474
711
783
1006
1456
-1078
-227
-189
31
57
81
87
104
165
168
201
201
213
237
422
437
440
533
536
536
573
609
675
711
711
711
783
830
873
1015
1059
1087
1163
1194
-1408
-540
19
237
237
237
237
237
237
237
533
533
541
591
596
614
677
678
678
692
692
711
711
711
711
711
711
775
874
932
939
947
948
1000
1059
1116
1144
1194
1260
1358
1469
1490
-1408
-540
-297
-174
90
100
237
237
374
413
509
509
533
536
546
587
696
704
768
-272
466
692
711
711
711
711
711
715
775
781
782
783
783
798
832
832
832
845
850
850
850
873
873
939
939
947
947
948
1000
1011
1011
1059
1087
1095
1116
1194
1214
1340
1449
37
50
57
69
110
111
114
171
206
273
374
393
420
430
436
458
650
651
660
660
661
677
939
985
1340
1340
-2190
-1878
-1809
-1679
-1604
-1515
26
359
535
535
845
1130
1130
1130
1141
1144
1194
1194
1194
1194
1194
1194
1194
1200
1214
1224
1224
1229
1232
1232
1234
1234
1234
1249
1252
1260
1260
1303
1303
1316
1316
1316
1316
1333
1336
1337
1340
1340
1340
1340
1340
1340
1340
1340
1369
1369
1369
1369
1370
1370
1378
1378
1378
1380
1380
1384
1384
1399
1401
1401
1406
1406
1407
1409
1410
1412
1414
1422
1427
1427
1427
1429
1435
1436
1436
1449
1449
1449
1449
1450
1459
1459
1466
1466
1466
1466
1466
1487
1490
1490
-1408
-540
-312
-297
-272
-174
37
120
198
237
329
336
407
422
624
675
678
696
711
711
711
734
736
873
1015
1054
1059
1059
1059
1075
1083
1135
1141
1141
1260
1260
1271
1340
1340
1340
1363
1378
1378
1388
1388
1388
1424
1424
1449
1449
1449
1454
1490
-312
-144
19
237
237
237
237
374
533
536
678
678
711
830
989
1000
-2190
-1878
-1827
-1809
-1515
-1218
-1098
-545
-379
-358
-272
-210
-149
-145
-144
-121
-100
-92
-90
22
36
47
54
90
91
151
178
197
201
222
237
237
237
333
366
399
412
424
430
430
437
437
437
440
466
466
474
524
547
555
559
564
570
600
608
609
611
614
660
704
711
711
711
711
711
728
734
747
750
750
782
782
783
783
783
790
803
804
830
830
830
831
831
854
873
873
873
939
947
984
996
1037
1059
1072
1106
1148
1160
1337
1414
1474
-1832
-1099
-548
-540
-272
-257
19
75
257
338
437
437
706
711
711
711
711
711
711
711
711
730
932
939
939
939
975
983
984
1000
1000
1000
1059
1059
1059
1059
1059
1059
1075
1075
1083
1083
1083
1083
1086
1087
1087
1087
1087
1087
1087
1090
1093
1095
1095
1095
1116
1116
1116
1130
1136
1136
1141
1142
1144
1144
1144
1144
1144
1144
1144
1144
1144
1144
1145
1148
1160
1163
1163
1163
1163
1163
1163
1163
1171
1194
1194
1194
1194
1194
1194
1214
1229
1229
1232
1234
1340
1340
1421
1469
-272
76
169
237
237
237
237
533
535
601
605
711
711
711
711
873
947
1000
1000
1087
1087
1116
-2190
-1878
-1809
-1515
-1395
-1311
-1218
-545
-379
-272
-257
-174
237
237
325
533
533
536
783
850
850
850
873
875
948
1083
1101
1116
1116
1120
1141
1144
1194
1278
1303
1316
1340
1366
1378
1388
1388
1388
1420
1424
1485
1487
1490
10001
10001
-1408
-609
-174
237
249
257
301
406
510
536
650
678
704
711
711
711
746
769
783
873
873
939
1000
1000
1015
1059
1059
1071
1075
1116
1116
1194
1194
120
406
536
-1408
-312
-272
19
120
147
356
437
440
474
526
533
579
597
599
659
711
734
850
1000
1045
1045
1084
-545
-500
-379
-312
-272
-223
237
237
434
850
854
1045
1054
1059
1087
1273
-1423
-1339
-1338
-402
29
49
53
120
168
198
237
237
237
237
237
237
249
377
437
437
437
437
439
466
510
513
533
536
591
591
676
676
704
711
711
719
734
734
750
754
768
783
783
783
783
783
832
832
873
873
873
932
939
939
939
957
1000
1000
1000
1000
1059
1059
1059
1072
1075
1116
1120
1130
1144
1171
1194
1271
1271
1362
-2175
166
168
188
374
422
535
546
548
552
569
587
597
679
701
702
726
729
730
730
730
753
845
845
949
1006
1130
1130
1138
1141
1141
1141
1144
1144
1162
1189
1192
1194
1194
1194
1194
1200
1203
1204
1209
1214
1214
1224
1229
1229
1232
1232
1234
1234
1260
1260
1260
1260
1271
1303
1316
1316
1316
1329
1329
1340
1340
1340
1340
1340
1340
1341
1342
1351
1369
1370
1370
1373
1373
1378
1388
1408
1414
1420
1424
1427
1441
1443
1448
1449
1449
1450
1459
1466
1466
1485
1487
1490
1490
1490
-2190
-1878
-1809
-1515
-1408
-1311
-1218
-545
-540
-405
-379
-312
-272
-145
-144
-121
-100
7
46
62
164
168
168
237
237
237
237
415
415
421
459
506
513
533
533
536
536
591
605
678
692
775
783
790
850
850
850
932
947
947
948
1035
1054
1084
1340
1340
1358
1358
405
406
407
425
433
484
510
513
585
588
598
654
659
675
675
719
798
-1423
-571
-312
-272
-174
4
11
51
57
57
66
66
67
74
83
85
90
99
100
104
104
122
131
151
151
155
158
172
181
194
195
199
205
206
213
224
227
237
237
257
262
265
269
284
317
348
362
374
375
378
380
401
406
424
424
460
474
501
510
533
536
539
583
659
678
685
708
709
711
730
730
735
750
750
757
804
832
932
932
932
939
939
953
975
975
984
1000
1015
1045
1054
1059
1086
1106
1144
1163
1164
1171
1232
1303
1449
-1408
-540
-297
-272
-174
66
87
91
117
218
237
288
513
830
932
-144
603
658
711
1087
1334
182
237
237
237
510
542
590
711
735
832
1011
-1408
-540
-297
-272
-174
67
86
120
120
146
237
406
487
509
510
533
704
830
873
939
-2190
-2038
-1878
-1809
-1604
-1515
-1423
-1369
-1339
-1338
-1256
-1218
-1092
-1089
-1079
-1033
-545
-404
-402
-396
-379
-363
-312
-298
-272
-144
-121
69
74
111
168
198
201
237
237
237
407
410
437
437
510
510
547
560
659
675
675
678
678
711
711
711
711
711
711
711
750
781
783
783
830
830
851
873
873
932
939
1054
1059
1059
1059
1059
1059
1070
1075
1095
1116
1130
1141
1163
1194
1234
1336
1370
1378
1388
1388
1388
1420
1449
1449
1449
10001
72
237
237
524
533
676
692
719
783
-10130
-2190
-2088
-2045
-2012
-2012
-2012
-1926
-1887
-1878
-1862
-1860
-1832
-1823
-1809
-1802
-1786
-1740
-1735
-1721
-1684
-1596
-1510
-1496
-1233
-83
-12
291
316
412
650
651
658
719
720
720
720
720
724
724
734
735
981
984
989
1193
1233
1233
1233
1234
1237
1238
1260
1263
1269
1269
1271
1273
1278
1292
1292
1316
1319
1320
1320
1335
1340
1340
1351
1366
1378
1378
1381
1384
1388
1388
1388
1391
1391
1391
1391
1391
1401
1411
1411
1412
1412
1414
1414
1414
1414
1414
1420
1440
1442
1449
10001
10001
10001
10002
27
437
533
711
768
932
1059
1059
-272
25
46
148
168
237
237
437
437
536
591
667
678
711
711
727
747
750
750
779
783
831
873
873
932
939
1000
1000
1000
1045
1059
1072
-1423
-272
19
22
42
90
126
139
237
237
237
237
249
466
585
658
660
660
678
692
711
711
711
711
711
719
729
734
735
745
775
782
783
783
785
799
830
830
832
839
850
850
850
850
850
850
850
873
873
939
947
947
948
948
957
975
1000
1000
1059
1059
1059
1083
1083
1083
1087
1087
1087
1095
1095
1116
1116
1144
1188
1194
1214
1340
1358
1431
1431
1459
1459
1459
-1294
-1024
-571
-379
-358
-312
-280
-272
-171
23
69
98
237
406
437
513
535
535
603
704
711
711
711
711
711
711
711
729
730
750
750
768
769
803
830
830
831
831
845
851
873
932
932
932
939
939
975
996
1000
1000
1054
1059
1070
1075
1075
1075
1083
1087
1087
1090
1116
1116
1130
1135
1141
1143
1144
1144
1144
1194
1337
1340
1340
1363
1388
1420
-1096
-510
-509
-492
-325
-272
-224
123
261
466
466
466
466
513
585
693
704
704
711
711
711
711
711
711
711
728
728
730
773
773
845
850
947
947
947
947
948
948
953
953
975
980
1000
1000
1000
1011
1011
1011
1011
1027
1027
1045
1045
1045
1047
1047
1050
1050
1059
1059
1059
1059
1059
1059
1082
1083
1083
1084
1084
1086
1086
1086
1086
1086
1087
1093
1093
1101
1101
1116
1120
1135
1137
1141
1141
1141
1143
1143
1143
1144
1144
1171
1194
1260
1316
1320
1378
1378
1378
10001
-144
-34
55
338
339
344
419
419
510
510
533
603
660
711
711
711
719
783
850
947
984
1144
237
237
237
237
237
510
533
533
675
678
711
711
711
711
711
711
756
831
832
864
873
873
873
939
939
947
947
953
1000
1000
1059
1059
1059
1086
1087
1087
1116
1116
1141
1144
1194
1194
1209
1214
1229
1232
1260
1260
1303
1340
1340
1351
1366
1369
1370
1378
1378
1378
1391
1407
1449
1459
1459
1485
1487
1487
1490
-1408
-540
-312
-297
-174
5
50
67
67
69
86
88
100
120
142
151
153
155
164
179
180
192
197
199
201
237
237
255
278
295
329
362
406
423
424
427
429
437
437
440
487
536
583
650
660
676
678
683
711
720
729
734
768
782
783
845
873
984
1059
22
24
25
37
57
76
87
110
112
119
134
140
146
163
217
237
237
237
244
289
292
330
338
361
406
410
510
533
561
654
659
758
142
237
237
711
845
850
873
939
947
957
1000
1059